GOval[bounds=(-204.70710783946902, -204.70710783946902, 410.41421567893804, 410.41421567893804), filled=false, fillColor=BLACK] GOval[bounds=(-94.98561878872971, -149.84636331409936, 300.6927266281987, 300.6927266281987), filled=false, fillColor=BLACK]
GOval[bounds=(-90.5, -90.5, 182.0, 182.0), filled=false, fillColor=BLACK] GOval[bounds=(13.798011258095691, -66.40952173089505, 67.0, 67.0), filled=false, fillColor=BLACK]
